1;Valid;1.00;1
2;Валидное;1.01;2
3;Valid;1.10;3
4;Валидное;1.13;4
5;Valid;4.00;5
6;Валидное;3.40;6
7;Valid;12.56;7
8;Валидное;100.00;8
9;Valid;19.00;9
10;Валидное;99.99;10
11;Valid;18.89;11
12;Валидное;15.37;12
13;Valid;12.25;13
14;Валидное;88.88;14
15;Valid;1.99;15
16;Валидное;19.70;16
17;Valid;81.05;17
18;Валидное;51.12;18
19;Valid;45.56;19
20;InValid;1.00;20
21;INVALID;1.00;1
22;invalid;1.00;2
23;Inva1id;1.00;3
24;In;1.00;4
25;Invaliiiiiiiiiiiiiiiiiiiiiiiiid;1.00;5
26;Инвалид;110.00;0
27;Invalid;0.01;2.2
28;Invalid;1.001;-1
29;Инвалид;1;22
30;Invalid;1.1;1n
31;Invalid;1.n0;one
0;Invalid;1.00;12
-2;Инвалид;1.00;13
n4;Invalid;1.00;14
110;Инвалид;1.00;15
3.6;Invalid;1.00;16
er;Invalid;1.00;17
38;Инвалид;sdf;18
39;11;1.00;19
40;;1.00;20
